Webots Project File version R2020a
perspectives: 000000ff00000000fd000000030000000000000320000003d0fc0100000003fb0000001e00480074006d006c0052006f0062006f007400570069006e0064006f00770000000000000003200000000000000000fb0000001a0044006f00630075006d0065006e0074006100740069006f006e0000000000ffffffff0000006900fffffffb0000001e00480074006d006c0052006f0062006f007400570069006e0064006f00770000000000000003200000006900ffffff00000001000002a900000339fc0200000001fb0000001400540065007800740045006400690074006f00720100000015000003390000008700ffffff000000030000078000000095fc0100000001fb0000000e0043006f006e0073006f006c00650100000000000007800000006900ffffff000004d50000033900000001000000020000000100000008fc00000000
simulationViewPerspectives: 000000ff00000001000000020000022a000002d50100000002010000000100
sceneTreePerspectives: 000000ff0000000100000002000000c0000000fa0100000002010000000200
maximizedDockId: -1
centralWidgetVisible: 1
selectionDisabled: 0
viewpointLocked: 0
orthographicViewHeight: 1
textFiles: 4 "controllers/BungieController/RobotController/RobotController.cpp" "controllers/BungieController/RobotController/RobotController.hpp" "controllers/BungieController/RobotController/WheelController.hpp" "controllers/BungieController/RobotController/WheelController.cpp" "controllers/BungieController/BungieController.cpp" "controllers/BungieController/RobotController/ArmController.cpp" "controllers/BungieController/RobotController/ArmController.hpp"
globalOptionalRendering: CameraFrustums::CoordinateSystem::DistanceSensorRays::LightPositions
renderingDevicePerspectives: bungie_rover:front_CAM;1;0.0296296;0;3.27221e-11
